{
 "cells": [
  {
   "cell_type": "markdown",
   "id": "tender-spotlight",
   "metadata": {},
   "source": [
    "# K-Means Clustering"
   ]
  },
  {
   "cell_type": "code",
   "execution_count": 2,
   "id": "welsh-binary",
   "metadata": {},
   "outputs": [],
   "source": [
    "%matplotlib inline\n",
    "\n",
    "import pandas as pd\n",
    "from pyspark.ml.stat import Correlation\n",
    "from pyspark.sql import SparkSession\n",
    "from pyspark.ml.feature import VectorAssembler\n",
    "from pyspark.ml.evaluation import ClusteringEvaluator\n",
    "from pyspark.ml.clustering import KMeans\n",
    "from pyspark.sql.functions import *\n",
    "import matplotlib.pyplot as plt\n",
    "from pyspark.ml.feature import MinMaxScaler\n",
    "\n",
    "import seaborn as sns\n",
    "from mpl_toolkits.mplot3d import Axes3D\n",
    "import numpy as np\n",
    "\n",
    "pd.set_option('display.float_format', lambda x: '%.3f' % x)"
   ]
  },
  {
   "cell_type": "code",
   "execution_count": 3,
   "id": "domestic-bathroom",
   "metadata": {},
   "outputs": [],
   "source": [
    "spark = SparkSession.builder \\\n",
    "    .master(\"local\") \\\n",
    "    .appName(\"Clustering using K-Means\") \\\n",
    "    .getOrCreate()"
   ]
  },
  {
   "cell_type": "code",
   "execution_count": 4,
   "id": "static-sound",
   "metadata": {},
   "outputs": [],
   "source": [
    "# load the dataset\n",
    "data = spark.read.csv(\"data.csv\", header=True, sep=',',inferSchema=\"true\")\n",
    "data = data.dropna()"
   ]
  },
  {
   "cell_type": "markdown",
   "id": "still-placement",
   "metadata": {},
   "source": [
    "## Feature selection\n",
    "Eseguo il clustering utilizzando features che tra loro hanno una una correlazione inferiore ad una certa threshold, rimuoviamo da subito le features relative al tipo di match"
   ]
  },
  {
   "cell_type": "code",
   "execution_count": 5,
   "id": "daily-defeat",
   "metadata": {},
   "outputs": [],
   "source": [
    "categorical_columns = [ 'matchType', 'Id', 'groupId', 'matchId']\n",
    "numerical_columns =[ 'assists',\n",
    "                     'boosts',\n",
    "                     'damageDealt',\n",
    "                     #'DBNOs',\n",
    "                     'headshotKills',\n",
    "                     'heals',\n",
    "                     'killPlace',\n",
    "                     'killPoints',\n",
    "                     'kills',\n",
    "                     'killStreaks',\n",
    "                     'longestKill',\n",
    "                     'matchDuration',\n",
    "                     #'maxPlace',\n",
    "                     #'numGroups',\n",
    "                     #'rankPoints',\n",
    "                     #'revives',\n",
    "                     'rideDistance',\n",
    "                     'roadKills',\n",
    "                     'swimDistance',\n",
    "                     #'teamKills',\n",
    "                     'vehicleDestroys',\n",
    "                     'walkDistance',\n",
    "                     'weaponsAcquired',\n",
    "                     'winPoints',\n",
    "                     'winPlacePerc']"
   ]
  },
  {
   "cell_type": "code",
   "execution_count": 6,
   "id": "aboriginal-vision",
   "metadata": {},
   "outputs": [],
   "source": [
    "# Assemblo le features numeriche\n",
    "vector_col = \"corr_features\"\n",
    "assembler = VectorAssembler(inputCols=numerical_columns, outputCol=vector_col)\n",
    "df_vector = assembler.transform(data).select(vector_col)"
   ]
  },
  {
   "cell_type": "code",
   "execution_count": 7,
   "id": "understanding-adobe",
   "metadata": {},
   "outputs": [],
   "source": [
    "# Creo la correlation matrix\n",
    "pearsonCorr = Correlation.corr(df_vector, vector_col, 'pearson').collect()[0][0]\n",
    "corr_matrix = pd.DataFrame(pearsonCorr.toArray(), numerical_columns, numerical_columns)"
   ]
  },
  {
   "cell_type": "code",
   "execution_count": 8,
   "id": "improving-notification",
   "metadata": {},
   "outputs": [
    {
     "data": {
      "text/html": [
       "<div>\n",
       "<style scoped>\n",
       "    .dataframe tbody tr th:only-of-type {\n",
       "        vertical-align: middle;\n",
       "    }\n",
       "\n",
       "    .dataframe tbody tr th {\n",
       "        vertical-align: top;\n",
       "    }\n",
       "\n",
       "    .dataframe thead th {\n",
       "        text-align: right;\n",
       "    }\n",
       "</style>\n",
       "<table border=\"1\" class=\"dataframe\">\n",
       "  <thead>\n",
       "    <tr style=\"text-align: right;\">\n",
       "      <th></th>\n",
       "      <th>assists</th>\n",
       "      <th>boosts</th>\n",
       "      <th>damageDealt</th>\n",
       "      <th>headshotKills</th>\n",
       "      <th>heals</th>\n",
       "      <th>killPlace</th>\n",
       "      <th>killPoints</th>\n",
       "      <th>kills</th>\n",
       "      <th>killStreaks</th>\n",
       "      <th>longestKill</th>\n",
       "      <th>matchDuration</th>\n",
       "      <th>rideDistance</th>\n",
       "      <th>roadKills</th>\n",
       "      <th>swimDistance</th>\n",
       "      <th>vehicleDestroys</th>\n",
       "      <th>walkDistance</th>\n",
       "      <th>weaponsAcquired</th>\n",
       "      <th>winPoints</th>\n",
       "      <th>winPlacePerc</th>\n",
       "    </tr>\n",
       "  </thead>\n",
       "  <tbody>\n",
       "    <tr>\n",
       "      <th>assists</th>\n",
       "      <td>1.000000</td>\n",
       "      <td>0.307683</td>\n",
       "      <td>0.406726</td>\n",
       "      <td>0.198289</td>\n",
       "      <td>0.228556</td>\n",
       "      <td>-0.290062</td>\n",
       "      <td>0.039066</td>\n",
       "      <td>0.319690</td>\n",
       "      <td>0.243471</td>\n",
       "      <td>0.261425</td>\n",
       "      <td>-0.019450</td>\n",
       "      <td>0.110644</td>\n",
       "      <td>0.011903</td>\n",
       "      <td>0.023372</td>\n",
       "      <td>0.057921</td>\n",
       "      <td>0.290305</td>\n",
       "      <td>0.243882</td>\n",
       "      <td>0.024014</td>\n",
       "      <td>0.299441</td>\n",
       "    </tr>\n",
       "    <tr>\n",
       "      <th>boosts</th>\n",
       "      <td>0.307683</td>\n",
       "      <td>1.000000</td>\n",
       "      <td>0.521947</td>\n",
       "      <td>0.334661</td>\n",
       "      <td>0.535854</td>\n",
       "      <td>-0.554844</td>\n",
       "      <td>0.008347</td>\n",
       "      <td>0.502024</td>\n",
       "      <td>0.405327</td>\n",
       "      <td>0.423290</td>\n",
       "      <td>0.072107</td>\n",
       "      <td>0.328855</td>\n",
       "      <td>0.035124</td>\n",
       "      <td>0.107993</td>\n",
       "      <td>0.087387</td>\n",
       "      <td>0.640150</td>\n",
       "      <td>0.406609</td>\n",
       "      <td>-0.007645</td>\n",
       "      <td>0.634234</td>\n",
       "    </tr>\n",
       "    <tr>\n",
       "      <th>damageDealt</th>\n",
       "      <td>0.406726</td>\n",
       "      <td>0.521947</td>\n",
       "      <td>1.000000</td>\n",
       "      <td>0.613409</td>\n",
       "      <td>0.342987</td>\n",
       "      <td>-0.677398</td>\n",
       "      <td>0.049904</td>\n",
       "      <td>0.888783</td>\n",
       "      <td>0.703599</td>\n",
       "      <td>0.563837</td>\n",
       "      <td>-0.006756</td>\n",
       "      <td>0.140883</td>\n",
       "      <td>0.052487</td>\n",
       "      <td>0.036729</td>\n",
       "      <td>0.081182</td>\n",
       "      <td>0.398199</td>\n",
       "      <td>0.353248</td>\n",
       "      <td>0.017762</td>\n",
       "      <td>0.440507</td>\n",
       "    </tr>\n",
       "    <tr>\n",
       "      <th>headshotKills</th>\n",
       "      <td>0.198289</td>\n",
       "      <td>0.334661</td>\n",
       "      <td>0.613409</td>\n",
       "      <td>1.000000</td>\n",
       "      <td>0.199917</td>\n",
       "      <td>-0.469829</td>\n",
       "      <td>0.023988</td>\n",
       "      <td>0.674275</td>\n",
       "      <td>0.512882</td>\n",
       "      <td>0.447261</td>\n",
       "      <td>-0.017657</td>\n",
       "      <td>0.076495</td>\n",
       "      <td>0.013369</td>\n",
       "      <td>0.028531</td>\n",
       "      <td>0.039200</td>\n",
       "      <td>0.250982</td>\n",
       "      <td>0.217552</td>\n",
       "      <td>0.004982</td>\n",
       "      <td>0.277722</td>\n",
       "    </tr>\n",
       "    <tr>\n",
       "      <th>heals</th>\n",
       "      <td>0.228556</td>\n",
       "      <td>0.535854</td>\n",
       "      <td>0.342987</td>\n",
       "      <td>0.199917</td>\n",
       "      <td>1.000000</td>\n",
       "      <td>-0.386032</td>\n",
       "      <td>-0.002585</td>\n",
       "      <td>0.311781</td>\n",
       "      <td>0.270412</td>\n",
       "      <td>0.263278</td>\n",
       "      <td>0.108901</td>\n",
       "      <td>0.297484</td>\n",
       "      <td>0.024619</td>\n",
       "      <td>0.079587</td>\n",
       "      <td>0.062870</td>\n",
       "      <td>0.430266</td>\n",
       "      <td>0.309071</td>\n",
       "      <td>-0.010990</td>\n",
       "      <td>0.427857</td>\n",
       "    </tr>\n",
       "    <tr>\n",
       "      <th>killPlace</th>\n",
       "      <td>-0.290062</td>\n",
       "      <td>-0.554844</td>\n",
       "      <td>-0.677398</td>\n",
       "      <td>-0.469829</td>\n",
       "      <td>-0.386032</td>\n",
       "      <td>1.000000</td>\n",
       "      <td>-0.023278</td>\n",
       "      <td>-0.730499</td>\n",
       "      <td>-0.810517</td>\n",
       "      <td>-0.541146</td>\n",
       "      <td>-0.005806</td>\n",
       "      <td>-0.236202</td>\n",
       "      <td>-0.057356</td>\n",
       "      <td>-0.089396</td>\n",
       "      <td>-0.073569</td>\n",
       "      <td>-0.590236</td>\n",
       "      <td>-0.490144</td>\n",
       "      <td>-0.002415</td>\n",
       "      <td>-0.719069</td>\n",
       "    </tr>\n",
       "    <tr>\n",
       "      <th>killPoints</th>\n",
       "      <td>0.039066</td>\n",
       "      <td>0.008347</td>\n",
       "      <td>0.049904</td>\n",
       "      <td>0.023988</td>\n",
       "      <td>-0.002585</td>\n",
       "      <td>-0.023278</td>\n",
       "      <td>1.000000</td>\n",
       "      <td>0.036192</td>\n",
       "      <td>0.037091</td>\n",
       "      <td>0.014084</td>\n",
       "      <td>-0.099542</td>\n",
       "      <td>-0.029316</td>\n",
       "      <td>-0.004156</td>\n",
       "      <td>-0.004604</td>\n",
       "      <td>-0.009658</td>\n",
       "      <td>0.004630</td>\n",
       "      <td>-0.003978</td>\n",
       "      <td>0.983417</td>\n",
       "      <td>0.012908</td>\n",
       "    </tr>\n",
       "    <tr>\n",
       "      <th>kills</th>\n",
       "      <td>0.319690</td>\n",
       "      <td>0.502024</td>\n",
       "      <td>0.888783</td>\n",
       "      <td>0.674275</td>\n",
       "      <td>0.311781</td>\n",
       "      <td>-0.730499</td>\n",
       "      <td>0.036192</td>\n",
       "      <td>1.000000</td>\n",
       "      <td>0.802500</td>\n",
       "      <td>0.602936</td>\n",
       "      <td>-0.030688</td>\n",
       "      <td>0.114750</td>\n",
       "      <td>0.063651</td>\n",
       "      <td>0.039127</td>\n",
       "      <td>0.079991</td>\n",
       "      <td>0.374774</td>\n",
       "      <td>0.336414</td>\n",
       "      <td>0.006929</td>\n",
       "      <td>0.419916</td>\n",
       "    </tr>\n",
       "    <tr>\n",
       "      <th>killStreaks</th>\n",
       "      <td>0.243471</td>\n",
       "      <td>0.405327</td>\n",
       "      <td>0.703599</td>\n",
       "      <td>0.512882</td>\n",
       "      <td>0.270412</td>\n",
       "      <td>-0.810517</td>\n",
       "      <td>0.037091</td>\n",
       "      <td>0.802500</td>\n",
       "      <td>1.000000</td>\n",
       "      <td>0.515097</td>\n",
       "      <td>-0.034645</td>\n",
       "      <td>0.098420</td>\n",
       "      <td>0.065575</td>\n",
       "      <td>0.034588</td>\n",
       "      <td>0.064374</td>\n",
       "      <td>0.327639</td>\n",
       "      <td>0.275373</td>\n",
       "      <td>0.008552</td>\n",
       "      <td>0.377566</td>\n",
       "    </tr>\n",
       "    <tr>\n",
       "      <th>longestKill</th>\n",
       "      <td>0.261425</td>\n",
       "      <td>0.423290</td>\n",
       "      <td>0.563837</td>\n",
       "      <td>0.447261</td>\n",
       "      <td>0.263278</td>\n",
       "      <td>-0.541146</td>\n",
       "      <td>0.014084</td>\n",
       "      <td>0.602936</td>\n",
       "      <td>0.515097</td>\n",
       "      <td>1.000000</td>\n",
       "      <td>0.056613</td>\n",
       "      <td>0.190853</td>\n",
       "      <td>0.025214</td>\n",
       "      <td>0.053455</td>\n",
       "      <td>0.083227</td>\n",
       "      <td>0.413810</td>\n",
       "      <td>0.276264</td>\n",
       "      <td>-0.003720</td>\n",
       "      <td>0.410154</td>\n",
       "    </tr>\n",
       "    <tr>\n",
       "      <th>matchDuration</th>\n",
       "      <td>-0.019450</td>\n",
       "      <td>0.072107</td>\n",
       "      <td>-0.006756</td>\n",
       "      <td>-0.017657</td>\n",
       "      <td>0.108901</td>\n",
       "      <td>-0.005806</td>\n",
       "      <td>-0.099542</td>\n",
       "      <td>-0.030688</td>\n",
       "      <td>-0.034645</td>\n",
       "      <td>0.056613</td>\n",
       "      <td>1.000000</td>\n",
       "      <td>0.365212</td>\n",
       "      <td>0.020016</td>\n",
       "      <td>0.008737</td>\n",
       "      <td>0.060924</td>\n",
       "      <td>0.145062</td>\n",
       "      <td>0.129080</td>\n",
       "      <td>-0.087361</td>\n",
       "      <td>-0.005171</td>\n",
       "    </tr>\n",
       "    <tr>\n",
       "      <th>rideDistance</th>\n",
       "      <td>0.110644</td>\n",
       "      <td>0.328855</td>\n",
       "      <td>0.140883</td>\n",
       "      <td>0.076495</td>\n",
       "      <td>0.297484</td>\n",
       "      <td>-0.236202</td>\n",
       "      <td>-0.029316</td>\n",
       "      <td>0.114750</td>\n",
       "      <td>0.098420</td>\n",
       "      <td>0.190853</td>\n",
       "      <td>0.365212</td>\n",
       "      <td>1.000000</td>\n",
       "      <td>0.103518</td>\n",
       "      <td>0.049448</td>\n",
       "      <td>0.119253</td>\n",
       "      <td>0.310936</td>\n",
       "      <td>0.282246</td>\n",
       "      <td>-0.027809</td>\n",
       "      <td>0.342915</td>\n",
       "    </tr>\n",
       "    <tr>\n",
       "      <th>roadKills</th>\n",
       "      <td>0.011903</td>\n",
       "      <td>0.035124</td>\n",
       "      <td>0.052487</td>\n",
       "      <td>0.013369</td>\n",
       "      <td>0.024619</td>\n",
       "      <td>-0.057356</td>\n",
       "      <td>-0.004156</td>\n",
       "      <td>0.063651</td>\n",
       "      <td>0.065575</td>\n",
       "      <td>0.025214</td>\n",
       "      <td>0.020016</td>\n",
       "      <td>0.103518</td>\n",
       "      <td>1.000000</td>\n",
       "      <td>0.004411</td>\n",
       "      <td>0.031071</td>\n",
       "      <td>0.016736</td>\n",
       "      <td>0.016494</td>\n",
       "      <td>-0.004750</td>\n",
       "      <td>0.034544</td>\n",
       "    </tr>\n",
       "    <tr>\n",
       "      <th>swimDistance</th>\n",
       "      <td>0.023372</td>\n",
       "      <td>0.107993</td>\n",
       "      <td>0.036729</td>\n",
       "      <td>0.028531</td>\n",
       "      <td>0.079587</td>\n",
       "      <td>-0.089396</td>\n",
       "      <td>-0.004604</td>\n",
       "      <td>0.039127</td>\n",
       "      <td>0.034588</td>\n",
       "      <td>0.053455</td>\n",
       "      <td>0.008737</td>\n",
       "      <td>0.049448</td>\n",
       "      <td>0.004411</td>\n",
       "      <td>1.000000</td>\n",
       "      <td>0.008090</td>\n",
       "      <td>0.167509</td>\n",
       "      <td>0.075698</td>\n",
       "      <td>-0.002680</td>\n",
       "      <td>0.149607</td>\n",
       "    </tr>\n",
       "    <tr>\n",
       "      <th>vehicleDestroys</th>\n",
       "      <td>0.057921</td>\n",
       "      <td>0.087387</td>\n",
       "      <td>0.081182</td>\n",
       "      <td>0.039200</td>\n",
       "      <td>0.062870</td>\n",
       "      <td>-0.073569</td>\n",
       "      <td>-0.009658</td>\n",
       "      <td>0.079991</td>\n",
       "      <td>0.064374</td>\n",
       "      <td>0.083227</td>\n",
       "      <td>0.060924</td>\n",
       "      <td>0.119253</td>\n",
       "      <td>0.031071</td>\n",
       "      <td>0.008090</td>\n",
       "      <td>1.000000</td>\n",
       "      <td>0.076237</td>\n",
       "      <td>0.061012</td>\n",
       "      <td>-0.011426</td>\n",
       "      <td>0.073436</td>\n",
       "    </tr>\n",
       "    <tr>\n",
       "      <th>walkDistance</th>\n",
       "      <td>0.290305</td>\n",
       "      <td>0.640150</td>\n",
       "      <td>0.398199</td>\n",
       "      <td>0.250982</td>\n",
       "      <td>0.430266</td>\n",
       "      <td>-0.590236</td>\n",
       "      <td>0.004630</td>\n",
       "      <td>0.374774</td>\n",
       "      <td>0.327639</td>\n",
       "      <td>0.413810</td>\n",
       "      <td>0.145062</td>\n",
       "      <td>0.310936</td>\n",
       "      <td>0.016736</td>\n",
       "      <td>0.167509</td>\n",
       "      <td>0.076237</td>\n",
       "      <td>1.000000</td>\n",
       "      <td>0.541222</td>\n",
       "      <td>-0.002044</td>\n",
       "      <td>0.810888</td>\n",
       "    </tr>\n",
       "    <tr>\n",
       "      <th>weaponsAcquired</th>\n",
       "      <td>0.243882</td>\n",
       "      <td>0.406609</td>\n",
       "      <td>0.353248</td>\n",
       "      <td>0.217552</td>\n",
       "      <td>0.309071</td>\n",
       "      <td>-0.490144</td>\n",
       "      <td>-0.003978</td>\n",
       "      <td>0.336414</td>\n",
       "      <td>0.275373</td>\n",
       "      <td>0.276264</td>\n",
       "      <td>0.129080</td>\n",
       "      <td>0.282246</td>\n",
       "      <td>0.016494</td>\n",
       "      <td>0.075698</td>\n",
       "      <td>0.061012</td>\n",
       "      <td>0.541222</td>\n",
       "      <td>1.000000</td>\n",
       "      <td>-0.003815</td>\n",
       "      <td>0.583806</td>\n",
       "    </tr>\n",
       "    <tr>\n",
       "      <th>winPoints</th>\n",
       "      <td>0.024014</td>\n",
       "      <td>-0.007645</td>\n",
       "      <td>0.017762</td>\n",
       "      <td>0.004982</td>\n",
       "      <td>-0.010990</td>\n",
       "      <td>-0.002415</td>\n",
       "      <td>0.983417</td>\n",
       "      <td>0.006929</td>\n",
       "      <td>0.008552</td>\n",
       "      <td>-0.003720</td>\n",
       "      <td>-0.087361</td>\n",
       "      <td>-0.027809</td>\n",
       "      <td>-0.004750</td>\n",
       "      <td>-0.002680</td>\n",
       "      <td>-0.011426</td>\n",
       "      <td>-0.002044</td>\n",
       "      <td>-0.003815</td>\n",
       "      <td>1.000000</td>\n",
       "      <td>0.007061</td>\n",
       "    </tr>\n",
       "    <tr>\n",
       "      <th>winPlacePerc</th>\n",
       "      <td>0.299441</td>\n",
       "      <td>0.634234</td>\n",
       "      <td>0.440507</td>\n",
       "      <td>0.277722</td>\n",
       "      <td>0.427857</td>\n",
       "      <td>-0.719069</td>\n",
       "      <td>0.012908</td>\n",
       "      <td>0.419916</td>\n",
       "      <td>0.377566</td>\n",
       "      <td>0.410154</td>\n",
       "      <td>-0.005171</td>\n",
       "      <td>0.342915</td>\n",
       "      <td>0.034544</td>\n",
       "      <td>0.149607</td>\n",
       "      <td>0.073436</td>\n",
       "      <td>0.810888</td>\n",
       "      <td>0.583806</td>\n",
       "      <td>0.007061</td>\n",
       "      <td>1.000000</td>\n",
       "    </tr>\n",
       "  </tbody>\n",
       "</table>\n",
       "</div>"
      ],
      "text/plain": [
       "                  assists    boosts  damageDealt  headshotKills     heals  \\\n",
       "assists          1.000000  0.307683     0.406726       0.198289  0.228556   \n",
       "boosts           0.307683  1.000000     0.521947       0.334661  0.535854   \n",
       "damageDealt      0.406726  0.521947     1.000000       0.613409  0.342987   \n",
       "headshotKills    0.198289  0.334661     0.613409       1.000000  0.199917   \n",
       "heals            0.228556  0.535854     0.342987       0.199917  1.000000   \n",
       "killPlace       -0.290062 -0.554844    -0.677398      -0.469829 -0.386032   \n",
       "killPoints       0.039066  0.008347     0.049904       0.023988 -0.002585   \n",
       "kills            0.319690  0.502024     0.888783       0.674275  0.311781   \n",
       "killStreaks      0.243471  0.405327     0.703599       0.512882  0.270412   \n",
       "longestKill      0.261425  0.423290     0.563837       0.447261  0.263278   \n",
       "matchDuration   -0.019450  0.072107    -0.006756      -0.017657  0.108901   \n",
       "rideDistance     0.110644  0.328855     0.140883       0.076495  0.297484   \n",
       "roadKills        0.011903  0.035124     0.052487       0.013369  0.024619   \n",
       "swimDistance     0.023372  0.107993     0.036729       0.028531  0.079587   \n",
       "vehicleDestroys  0.057921  0.087387     0.081182       0.039200  0.062870   \n",
       "walkDistance     0.290305  0.640150     0.398199       0.250982  0.430266   \n",
       "weaponsAcquired  0.243882  0.406609     0.353248       0.217552  0.309071   \n",
       "winPoints        0.024014 -0.007645     0.017762       0.004982 -0.010990   \n",
       "winPlacePerc     0.299441  0.634234     0.440507       0.277722  0.427857   \n",
       "\n",
       "                 killPlace  killPoints     kills  killStreaks  longestKill  \\\n",
       "assists          -0.290062    0.039066  0.319690     0.243471     0.261425   \n",
       "boosts           -0.554844    0.008347  0.502024     0.405327     0.423290   \n",
       "damageDealt      -0.677398    0.049904  0.888783     0.703599     0.563837   \n",
       "headshotKills    -0.469829    0.023988  0.674275     0.512882     0.447261   \n",
       "heals            -0.386032   -0.002585  0.311781     0.270412     0.263278   \n",
       "killPlace         1.000000   -0.023278 -0.730499    -0.810517    -0.541146   \n",
       "killPoints       -0.023278    1.000000  0.036192     0.037091     0.014084   \n",
       "kills            -0.730499    0.036192  1.000000     0.802500     0.602936   \n",
       "killStreaks      -0.810517    0.037091  0.802500     1.000000     0.515097   \n",
       "longestKill      -0.541146    0.014084  0.602936     0.515097     1.000000   \n",
       "matchDuration    -0.005806   -0.099542 -0.030688    -0.034645     0.056613   \n",
       "rideDistance     -0.236202   -0.029316  0.114750     0.098420     0.190853   \n",
       "roadKills        -0.057356   -0.004156  0.063651     0.065575     0.025214   \n",
       "swimDistance     -0.089396   -0.004604  0.039127     0.034588     0.053455   \n",
       "vehicleDestroys  -0.073569   -0.009658  0.079991     0.064374     0.083227   \n",
       "walkDistance     -0.590236    0.004630  0.374774     0.327639     0.413810   \n",
       "weaponsAcquired  -0.490144   -0.003978  0.336414     0.275373     0.276264   \n",
       "winPoints        -0.002415    0.983417  0.006929     0.008552    -0.003720   \n",
       "winPlacePerc     -0.719069    0.012908  0.419916     0.377566     0.410154   \n",
       "\n",
       "                 matchDuration  rideDistance  roadKills  swimDistance  \\\n",
       "assists              -0.019450      0.110644   0.011903      0.023372   \n",
       "boosts                0.072107      0.328855   0.035124      0.107993   \n",
       "damageDealt          -0.006756      0.140883   0.052487      0.036729   \n",
       "headshotKills        -0.017657      0.076495   0.013369      0.028531   \n",
       "heals                 0.108901      0.297484   0.024619      0.079587   \n",
       "killPlace            -0.005806     -0.236202  -0.057356     -0.089396   \n",
       "killPoints           -0.099542     -0.029316  -0.004156     -0.004604   \n",
       "kills                -0.030688      0.114750   0.063651      0.039127   \n",
       "killStreaks          -0.034645      0.098420   0.065575      0.034588   \n",
       "longestKill           0.056613      0.190853   0.025214      0.053455   \n",
       "matchDuration         1.000000      0.365212   0.020016      0.008737   \n",
       "rideDistance          0.365212      1.000000   0.103518      0.049448   \n",
       "roadKills             0.020016      0.103518   1.000000      0.004411   \n",
       "swimDistance          0.008737      0.049448   0.004411      1.000000   \n",
       "vehicleDestroys       0.060924      0.119253   0.031071      0.008090   \n",
       "walkDistance          0.145062      0.310936   0.016736      0.167509   \n",
       "weaponsAcquired       0.129080      0.282246   0.016494      0.075698   \n",
       "winPoints            -0.087361     -0.027809  -0.004750     -0.002680   \n",
       "winPlacePerc         -0.005171      0.342915   0.034544      0.149607   \n",
       "\n",
       "                 vehicleDestroys  walkDistance  weaponsAcquired  winPoints  \\\n",
       "assists                 0.057921      0.290305         0.243882   0.024014   \n",
       "boosts                  0.087387      0.640150         0.406609  -0.007645   \n",
       "damageDealt             0.081182      0.398199         0.353248   0.017762   \n",
       "headshotKills           0.039200      0.250982         0.217552   0.004982   \n",
       "heals                   0.062870      0.430266         0.309071  -0.010990   \n",
       "killPlace              -0.073569     -0.590236        -0.490144  -0.002415   \n",
       "killPoints             -0.009658      0.004630        -0.003978   0.983417   \n",
       "kills                   0.079991      0.374774         0.336414   0.006929   \n",
       "killStreaks             0.064374      0.327639         0.275373   0.008552   \n",
       "longestKill             0.083227      0.413810         0.276264  -0.003720   \n",
       "matchDuration           0.060924      0.145062         0.129080  -0.087361   \n",
       "rideDistance            0.119253      0.310936         0.282246  -0.027809   \n",
       "roadKills               0.031071      0.016736         0.016494  -0.004750   \n",
       "swimDistance            0.008090      0.167509         0.075698  -0.002680   \n",
       "vehicleDestroys         1.000000      0.076237         0.061012  -0.011426   \n",
       "walkDistance            0.076237      1.000000         0.541222  -0.002044   \n",
       "weaponsAcquired         0.061012      0.541222         1.000000  -0.003815   \n",
       "winPoints              -0.011426     -0.002044        -0.003815   1.000000   \n",
       "winPlacePerc            0.073436      0.810888         0.583806   0.007061   \n",
       "\n",
       "                 winPlacePerc  \n",
       "assists              0.299441  \n",
       "boosts               0.634234  \n",
       "damageDealt          0.440507  \n",
       "headshotKills        0.277722  \n",
       "heals                0.427857  \n",
       "killPlace           -0.719069  \n",
       "killPoints           0.012908  \n",
       "kills                0.419916  \n",
       "killStreaks          0.377566  \n",
       "longestKill          0.410154  \n",
       "matchDuration       -0.005171  \n",
       "rideDistance         0.342915  \n",
       "roadKills            0.034544  \n",
       "swimDistance         0.149607  \n",
       "vehicleDestroys      0.073436  \n",
       "walkDistance         0.810888  \n",
       "weaponsAcquired      0.583806  \n",
       "winPoints            0.007061  \n",
       "winPlacePerc         1.000000  "
      ]
     },
     "execution_count": 8,
     "metadata": {},
     "output_type": "execute_result"
    }
   ],
   "source": [
    "corr_matrix"
   ]
  },
  {
   "cell_type": "code",
   "execution_count": 9,
   "id": "meaningful-israel",
   "metadata": {},
   "outputs": [],
   "source": [
    "kmeans_feats = [ 'assists',\n",
    "                 'headshotKills',\n",
    "                 'heals',\n",
    "                 'kills',\n",
    "                 'killStreaks',\n",
    "                 'longestKill',\n",
    "                 'rideDistance',\n",
    "                 'roadKills',\n",
    "                 'swimDistance',\n",
    "                 'vehicleDestroys',\n",
    "                 'walkDistance']"
   ]
  },
  {
   "cell_type": "markdown",
   "id": "confidential-permission",
   "metadata": {},
   "source": [
    "## K-Means: Ottimizzazione del miglior K\n",
    "Eseguo k-means provando un range di K. Test eseguito su un sample del 1% del dataset"
   ]
  },
  {
   "cell_type": "code",
   "execution_count": 10,
   "id": "suited-sequence",
   "metadata": {},
   "outputs": [],
   "source": [
    "# Assemblo le features meno correlate\n",
    "assemble = VectorAssembler(inputCols=kmeans_feats, outputCol='features')\n",
    "ass_data = assemble.transform(data)"
   ]
  },
  {
   "cell_type": "code",
   "execution_count": 11,
   "id": "located-interference",
   "metadata": {},
   "outputs": [
    {
     "name": "stdout",
     "output_type": "stream",
     "text": [
      "+-------------------------------------+\n",
      "|features                             |\n",
      "+-------------------------------------+\n",
      "|(11,[10],[244.8])                    |\n",
      "|(11,[6,8,10],[0.0045,11.04,1434.0])  |\n",
      "|(11,[0,10],[1.0,161.8])              |\n",
      "|(11,[10],[202.7])                    |\n",
      "|(11,[3,4,5,10],[1.0,1.0,58.53,49.75])|\n",
      "+-------------------------------------+\n",
      "only showing top 5 rows\n",
      "\n"
     ]
    }
   ],
   "source": [
    "ass_data.select('features').show(5,False)"
   ]
  },
  {
   "cell_type": "code",
   "execution_count": 12,
   "id": "communist-terror",
   "metadata": {},
   "outputs": [],
   "source": [
    "# Normalizzo\n",
    "mms = MinMaxScaler(inputCol='features',outputCol=\"scaled\")\n",
    "scaler_model = mms.fit(ass_data)\n",
    "scaled_data = scaler_model.transform(ass_data)"
   ]
  },
  {
   "cell_type": "code",
   "execution_count": 13,
   "id": "worth-medicaid",
   "metadata": {},
   "outputs": [
    {
     "name": "stdout",
     "output_type": "stream",
     "text": [
      "+--------------------+\n",
      "|              scaled|\n",
      "+--------------------+\n",
      "|(11,[10],[0.00949...|\n",
      "|(11,[6,8,10],[1.1...|\n",
      "|(11,[0,10],[0.045...|\n",
      "|(11,[10],[0.00786...|\n",
      "|(11,[3,4,5,10],[0...|\n",
      "+--------------------+\n",
      "only showing top 5 rows\n",
      "\n"
     ]
    }
   ],
   "source": [
    "scaled_data.select(\"scaled\").show(5)"
   ]
  },
  {
   "cell_type": "code",
   "execution_count": 10,
   "id": "handmade-discussion",
   "metadata": {},
   "outputs": [
    {
     "name": "stdout",
     "output_type": "stream",
     "text": [
      "K=2, SSE=6018.752890496059, Silhouette:0.5870680104755717\n",
      "K=3, SSE=5064.1354177325575, Silhouette:0.5037822798312688\n",
      "K=4, SSE=4501.203929616424, Silhouette:0.5035591091504034\n",
      "K=5, SSE=4042.688078551127, Silhouette:0.4905279233058109\n",
      "K=6, SSE=3599.4311616512473, Silhouette:0.44847964602852863\n",
      "K=7, SSE=3337.394804355577, Silhouette:0.46738425076311874\n",
      "K=8, SSE=3172.856519875785, Silhouette:0.481501787740171\n",
      "K=9, SSE=3090.9012379273054, Silhouette:0.47752698432155444\n",
      "K=10, SSE=3011.6131157963905, Silhouette:0.4795548246970268\n",
      "K=11, SSE=2867.0196628060976, Silhouette:0.46790714102655695\n",
      "K=12, SSE=2773.5958456426797, Silhouette:0.47150026725954225\n",
      "K=13, SSE=2565.6061694304476, Silhouette:0.501812616308118\n",
      "K=14, SSE=2521.5348474357243, Silhouette:0.46464044058891363\n",
      "K=15, SSE=2390.3147181586532, Silhouette:0.48548823481683223\n",
      "CPU times: user 398 ms, sys: 110 ms, total: 508 ms\n",
      "Wall time: 54min 12s\n"
     ]
    }
   ],
   "source": [
    "%%time\n",
    "# Eseguo il clustering su un range di k: calcolo sse e silhouette\n",
    "n = 15\n",
    "sse = np.zeros(n+1)\n",
    "silhouette = np.zeros(n+1)\n",
    "\n",
    "for k in range(2,n+1):\n",
    "    kmeans = KMeans().setK(k).setSeed(1).setFeaturesCol('scaled').setPredictionCol('cluster')\n",
    "    evaluator = ClusteringEvaluator(predictionCol='cluster',featuresCol='scaled',\n",
    "                                        metricName='silhouette',distanceMeasure='squaredEuclidean')\n",
    "    model = kmeans.fit(scaled_data.sample(withReplacement=False, fraction=0.2, seed=42))\n",
    "    predictions = model.transform(scaled_data)\n",
    "\n",
    "    sse[k] = model.summary.trainingCost\n",
    "    silhouette[k] = evaluator.evaluate(predictions)\n",
    "    \n",
    "    print(f\"K={k}, SSE={sse[k]}, Silhouette:{silhouette[k]}\")"
   ]
  },
  {
   "cell_type": "code",
   "execution_count": 11,
   "id": "central-standing",
   "metadata": {},
   "outputs": [
    {
     "data": {
